{
 "cells": [
  {
   "cell_type": "markdown",
   "metadata": {},
   "source": [
    "# Dimension Reduction with PCA"
   ]
  },
  {
   "cell_type": "markdown",
   "metadata": {},
   "source": [
    "## 패키지 로드"
   ]
  },
  {
   "cell_type": "code",
   "execution_count": 4,
   "metadata": {},
   "outputs": [],
   "source": [
    "import pandas as pd\n",
    "import numpy as np\n",
    "import matplotlib.pyplot as plt\n",
    "import seaborn as sns\n",
    "\n",
    "from sklearn.preprocessing import StandardScaler\n",
    "from sklearn.decomposition import PCA\n",
    "from matplotlib import rcParams\n",
    "\n",
    "rcParams['font.family']='NanumGothic'\n",
    "rcParams['axes.unicode_minus'] = False"
   ]
  },
  {
   "cell_type": "markdown",
   "metadata": {},
   "source": [
    "## 데이터 로드"
   ]
  },
  {
   "cell_type": "code",
   "execution_count": 5,
   "metadata": {},
   "outputs": [
    {
     "data": {
      "text/html": [
       "<div>\n",
       "<style scoped>\n",
       "    .dataframe tbody tr th:only-of-type {\n",
       "        vertical-align: middle;\n",
       "    }\n",
       "\n",
       "    .dataframe tbody tr th {\n",
       "        vertical-align: top;\n",
       "    }\n",
       "\n",
       "    .dataframe thead th {\n",
       "        text-align: right;\n",
       "    }\n",
       "</style>\n",
       "<table border=\"1\" class=\"dataframe\">\n",
       "  <thead>\n",
       "    <tr style=\"text-align: right;\">\n",
       "      <th></th>\n",
       "      <th>Unnamed: 0</th>\n",
       "      <th>날짜</th>\n",
       "      <th>AUD/KRW (호주 달러 / 한국 원)</th>\n",
       "      <th>AUD/USD (호주 달러 / 미국 달러)</th>\n",
       "      <th>Baltic Capesize Index (BCI)1999.03.01</th>\n",
       "      <th>Baltic Clean Tanker Index (BCTI)1998.08.03</th>\n",
       "      <th>Baltic Dirty Tanker Index (BDTI)1998.08.03</th>\n",
       "      <th>Baltic Dry Index (BDI)1985.01.04</th>\n",
       "      <th>Baltic Handysize Index (BHSI)2006.05.23</th>\n",
       "      <th>Baltic Panamax Index (BPI)1998.05.06</th>\n",
       "      <th>...</th>\n",
       "      <th>Rogers International Commodities Index Metals1998.07.31=1000</th>\n",
       "      <th>Rogers International Commodities Index1998.07.31=1000</th>\n",
       "      <th>S&amp;P GSCI</th>\n",
       "      <th>TOCOM Index2002.05.31=100</th>\n",
       "      <th>TR/CC CRB Index</th>\n",
       "      <th>US Dollar IndexMar 1973=100</th>\n",
       "      <th>USD/CNY (미국 달러 / 중국 인민폐)</th>\n",
       "      <th>USD/KRW (미국 달러 / 한국 원)</th>\n",
       "      <th>USD/RMB (미국 달러 / 중국 인민폐)</th>\n",
       "      <th>철광석 Fines (Daily) [중국(수입가 CFR)] 현물</th>\n",
       "    </tr>\n",
       "  </thead>\n",
       "  <tbody>\n",
       "    <tr>\n",
       "      <th>0</th>\n",
       "      <td>3</td>\n",
       "      <td>20180713</td>\n",
       "      <td>834.80</td>\n",
       "      <td>0.74</td>\n",
       "      <td>3156.0</td>\n",
       "      <td>499.0</td>\n",
       "      <td>744.0</td>\n",
       "      <td>1666.0</td>\n",
       "      <td>559.0</td>\n",
       "      <td>1527.0</td>\n",
       "      <td>...</td>\n",
       "      <td>2024.48</td>\n",
       "      <td>2471.47</td>\n",
       "      <td>463.37</td>\n",
       "      <td>290.24</td>\n",
       "      <td>193.73</td>\n",
       "      <td>90.2872</td>\n",
       "      <td>6.69</td>\n",
       "      <td>1127.8</td>\n",
       "      <td>6.67</td>\n",
       "      <td>64.04</td>\n",
       "    </tr>\n",
       "    <tr>\n",
       "      <th>1</th>\n",
       "      <td>4</td>\n",
       "      <td>20180712</td>\n",
       "      <td>825.47</td>\n",
       "      <td>0.74</td>\n",
       "      <td>3041.0</td>\n",
       "      <td>500.0</td>\n",
       "      <td>738.0</td>\n",
       "      <td>1632.0</td>\n",
       "      <td>558.0</td>\n",
       "      <td>1517.0</td>\n",
       "      <td>...</td>\n",
       "      <td>2035.74</td>\n",
       "      <td>2469.69</td>\n",
       "      <td>461.47</td>\n",
       "      <td>289.13</td>\n",
       "      <td>194.00</td>\n",
       "      <td>90.1620</td>\n",
       "      <td>6.67</td>\n",
       "      <td>1120.8</td>\n",
       "      <td>6.67</td>\n",
       "      <td>64.06</td>\n",
       "    </tr>\n",
       "    <tr>\n",
       "      <th>2</th>\n",
       "      <td>5</td>\n",
       "      <td>20180711</td>\n",
       "      <td>827.72</td>\n",
       "      <td>0.74</td>\n",
       "      <td>2793.0</td>\n",
       "      <td>499.0</td>\n",
       "      <td>741.0</td>\n",
       "      <td>1586.0</td>\n",
       "      <td>558.0</td>\n",
       "      <td>1498.0</td>\n",
       "      <td>...</td>\n",
       "      <td>2022.94</td>\n",
       "      <td>2448.64</td>\n",
       "      <td>459.38</td>\n",
       "      <td>292.99</td>\n",
       "      <td>192.83</td>\n",
       "      <td>89.8616</td>\n",
       "      <td>6.68</td>\n",
       "      <td>1113.8</td>\n",
       "      <td>6.62</td>\n",
       "      <td>63.34</td>\n",
       "    </tr>\n",
       "    <tr>\n",
       "      <th>3</th>\n",
       "      <td>6</td>\n",
       "      <td>20180710</td>\n",
       "      <td>830.33</td>\n",
       "      <td>0.74</td>\n",
       "      <td>2792.0</td>\n",
       "      <td>499.0</td>\n",
       "      <td>732.0</td>\n",
       "      <td>1555.0</td>\n",
       "      <td>560.0</td>\n",
       "      <td>1431.0</td>\n",
       "      <td>...</td>\n",
       "      <td>2063.83</td>\n",
       "      <td>2526.33</td>\n",
       "      <td>480.64</td>\n",
       "      <td>294.63</td>\n",
       "      <td>198.29</td>\n",
       "      <td>89.7541</td>\n",
       "      <td>6.63</td>\n",
       "      <td>1112.3</td>\n",
       "      <td>6.63</td>\n",
       "      <td>63.90</td>\n",
       "    </tr>\n",
       "    <tr>\n",
       "      <th>4</th>\n",
       "      <td>7</td>\n",
       "      <td>20180709</td>\n",
       "      <td>830.80</td>\n",
       "      <td>0.75</td>\n",
       "      <td>3016.0</td>\n",
       "      <td>501.0</td>\n",
       "      <td>729.0</td>\n",
       "      <td>1609.0</td>\n",
       "      <td>562.0</td>\n",
       "      <td>1367.0</td>\n",
       "      <td>...</td>\n",
       "      <td>2081.98</td>\n",
       "      <td>2532.26</td>\n",
       "      <td>481.11</td>\n",
       "      <td>291.48</td>\n",
       "      <td>198.23</td>\n",
       "      <td>89.6613</td>\n",
       "      <td>6.62</td>\n",
       "      <td>1117.8</td>\n",
       "      <td>6.64</td>\n",
       "      <td>63.92</td>\n",
       "    </tr>\n",
       "  </tbody>\n",
       "</table>\n",
       "<p>5 rows × 29 columns</p>\n",
       "</div>"
      ],
      "text/plain": [
       "   Unnamed: 0        날짜  AUD/KRW (호주 달러 / 한국 원)  AUD/USD (호주 달러 / 미국 달러)  \\\n",
       "0           3  20180713                  834.80                     0.74   \n",
       "1           4  20180712                  825.47                     0.74   \n",
       "2           5  20180711                  827.72                     0.74   \n",
       "3           6  20180710                  830.33                     0.74   \n",
       "4           7  20180709                  830.80                     0.75   \n",
       "\n",
       "   Baltic Capesize Index (BCI)1999.03.01  \\\n",
       "0                                 3156.0   \n",
       "1                                 3041.0   \n",
       "2                                 2793.0   \n",
       "3                                 2792.0   \n",
       "4                                 3016.0   \n",
       "\n",
       "   Baltic Clean Tanker Index (BCTI)1998.08.03  \\\n",
       "0                                       499.0   \n",
       "1                                       500.0   \n",
       "2                                       499.0   \n",
       "3                                       499.0   \n",
       "4                                       501.0   \n",
       "\n",
       "   Baltic Dirty Tanker Index (BDTI)1998.08.03  \\\n",
       "0                                       744.0   \n",
       "1                                       738.0   \n",
       "2                                       741.0   \n",
       "3                                       732.0   \n",
       "4                                       729.0   \n",
       "\n",
       "   Baltic Dry Index (BDI)1985.01.04  Baltic Handysize Index (BHSI)2006.05.23  \\\n",
       "0                            1666.0                                    559.0   \n",
       "1                            1632.0                                    558.0   \n",
       "2                            1586.0                                    558.0   \n",
       "3                            1555.0                                    560.0   \n",
       "4                            1609.0                                    562.0   \n",
       "\n",
       "   Baltic Panamax Index (BPI)1998.05.06                 ...                  \\\n",
       "0                                1527.0                 ...                   \n",
       "1                                1517.0                 ...                   \n",
       "2                                1498.0                 ...                   \n",
       "3                                1431.0                 ...                   \n",
       "4                                1367.0                 ...                   \n",
       "\n",
       "   Rogers International Commodities Index Metals1998.07.31=1000  \\\n",
       "0                                            2024.48              \n",
       "1                                            2035.74              \n",
       "2                                            2022.94              \n",
       "3                                            2063.83              \n",
       "4                                            2081.98              \n",
       "\n",
       "   Rogers International Commodities Index1998.07.31=1000  S&P GSCI  \\\n",
       "0                                            2471.47        463.37   \n",
       "1                                            2469.69        461.47   \n",
       "2                                            2448.64        459.38   \n",
       "3                                            2526.33        480.64   \n",
       "4                                            2532.26        481.11   \n",
       "\n",
       "   TOCOM Index2002.05.31=100  TR/CC CRB Index  US Dollar IndexMar 1973=100  \\\n",
       "0                     290.24           193.73                      90.2872   \n",
       "1                     289.13           194.00                      90.1620   \n",
       "2                     292.99           192.83                      89.8616   \n",
       "3                     294.63           198.29                      89.7541   \n",
       "4                     291.48           198.23                      89.6613   \n",
       "\n",
       "   USD/CNY (미국 달러 / 중국 인민폐)  USD/KRW (미국 달러 / 한국 원)  USD/RMB (미국 달러 / 중국 인민폐)  \\\n",
       "0                      6.69                  1127.8                      6.67   \n",
       "1                      6.67                  1120.8                      6.67   \n",
       "2                      6.68                  1113.8                      6.62   \n",
       "3                      6.63                  1112.3                      6.63   \n",
       "4                      6.62                  1117.8                      6.64   \n",
       "\n",
       "   철광석 Fines (Daily) [중국(수입가 CFR)] 현물  \n",
       "0                               64.04  \n",
       "1                               64.06  \n",
       "2                               63.34  \n",
       "3                               63.90  \n",
       "4                               63.92  \n",
       "\n",
       "[5 rows x 29 columns]"
      ]
     },
     "execution_count": 5,
     "metadata": {},
     "output_type": "execute_result"
    }
   ],
   "source": [
    "raw_data_merged = pd.read_csv('data/raw_data_merged.csv')\n",
    "raw_data_merged.head()"
   ]
  },
  {
   "cell_type": "code",
   "execution_count": 6,
   "metadata": {},
   "outputs": [
    {
     "name": "stdout",
     "output_type": "stream",
     "text": [
      "<class 'pandas.core.frame.DataFrame'>\n",
      "RangeIndex: 1680 entries, 0 to 1679\n",
      "Data columns (total 29 columns):\n",
      "Unnamed: 0                                                           1680 non-null int64\n",
      "날짜                                                                   1680 non-null int64\n",
      "AUD/KRW (호주 달러 / 한국 원)                                               1680 non-null float64\n",
      "AUD/USD (호주 달러 / 미국 달러)                                              1680 non-null float64\n",
      "Baltic Capesize Index (BCI)1999.03.01                                1680 non-null float64\n",
      "Baltic Clean Tanker Index (BCTI)1998.08.03                           1680 non-null float64\n",
      "Baltic Dirty Tanker Index (BDTI)1998.08.03                           1680 non-null float64\n",
      "Baltic Dry Index (BDI)1985.01.04                                     1680 non-null float64\n",
      "Baltic Handysize Index (BHSI)2006.05.23                              1680 non-null float64\n",
      "Baltic Panamax Index (BPI)1998.05.06                                 1680 non-null float64\n",
      "Baltic Supramax index (BSI)2005.01.01                                1680 non-null float64\n",
      "Bloomberg Commodity Total Return                                     1680 non-null float64\n",
      "CNY/KRW (중국 인민폐 / 한국 원)                                              1680 non-null float64\n",
      "CRB BLS Spot Index                                                   1680 non-null float64\n",
      "DRAMeXchange Index (DXI)2001.10.01=1000                              1680 non-null float64\n",
      "LMEX Index1999.04=1000                                               1680 non-null float64\n",
      "Reuters Index of Commodity Prices                                    1680 non-null float64\n",
      "Rogers International Commodities Index Agriculture1998.07.31=1000    1680 non-null float64\n",
      "Rogers International Commodities Index Energy1998.07.31=1000         1680 non-null float64\n",
      "Rogers International Commodities Index Metals1998.07.31=1000         1680 non-null float64\n",
      "Rogers International Commodities Index1998.07.31=1000                1680 non-null float64\n",
      "S&P GSCI                                                             1680 non-null float64\n",
      "TOCOM Index2002.05.31=100                                            1680 non-null float64\n",
      "TR/CC CRB Index                                                      1680 non-null float64\n",
      "US Dollar IndexMar 1973=100                                          1680 non-null float64\n",
      "USD/CNY (미국 달러 / 중국 인민폐)                                             1680 non-null float64\n",
      "USD/KRW (미국 달러 / 한국 원)                                               1680 non-null float64\n",
      "USD/RMB (미국 달러 / 중국 인민폐)                                             1680 non-null float64\n",
      "철광석 Fines (Daily) [중국(수입가 CFR)] 현물                                   1680 non-null float64\n",
      "dtypes: float64(27), int64(2)\n",
      "memory usage: 380.7 KB\n"
     ]
    }
   ],
   "source": [
    "raw_data_merged.info()"
   ]
  },
  {
   "cell_type": "markdown",
   "metadata": {},
   "source": [
    "데이터 중에서 기간이 짧은?(2~3년) 변수는 버리고 na인 값들 버리고 최종적으로 1680개의 observation과 29개 변수를 남겼다.\n",
    "이 데이터를 이용해서 PCA를 해보고 데이터의 차원을 줄여보도록 한다."
   ]
  },
  {
   "cell_type": "markdown",
   "metadata": {},
   "source": [
    "## PCA\n",
    "### preprocessing\n",
    "\n",
    "우선 scaler를 통해 데이터의 스케일을 맞춰준다."
   ]
  },
  {
   "cell_type": "code",
   "execution_count": 7,
   "metadata": {},
   "outputs": [
    {
     "name": "stdout",
     "output_type": "stream",
     "text": [
      "shape =  (1680, 27)\n"
     ]
    },
    {
     "data": {
      "text/plain": [
       "array([[ 1.72603602, -1.19216261, -1.20971462,  1.21335762, -1.21569973,\n",
       "        -0.16659626,  0.58766632, -0.11964823,  0.23206064, -0.12405935,\n",
       "        -1.18477126, -0.86504416, -0.51134924,  2.71340458, -0.25059937,\n",
       "        -1.10337305, -1.28688848, -0.89338403, -0.59765942, -0.87859912,\n",
       "        -0.48569145,  0.09865277, -1.07359946,  1.07062072,  0.99435607,\n",
       "         0.22845731,  0.92267785],\n",
       "       [ 1.72599541, -1.26524307, -1.20971462,  1.10067075, -1.20618353,\n",
       "        -0.21372365,  0.53870327, -0.12364729,  0.21994044, -0.12602263,\n",
       "        -1.17818753, -0.89626856, -0.53887525,  2.72036393, -0.2897516 ,\n",
       "        -1.13128603, -1.28003669, -0.90492574, -0.56608389, -0.88120533,\n",
       "        -0.50071994,  0.07416938, -1.06883   ,  1.05564359,  0.91438488,\n",
       "         0.07244674,  0.92267785],\n",
       "       [ 1.7259548 , -1.24761917, -1.20971462,  0.85765907, -1.21569973,\n",
       "        -0.19015995,  0.47245914, -0.12364729,  0.19691207, -0.12994919,\n",
       "        -1.19976754, -0.7901056 , -0.45311239,  2.69507013, -0.13901549,\n",
       "        -1.08273475, -1.3392679 , -0.91481863, -0.60197792, -0.91202598,\n",
       "        -0.51725127,  0.15930981, -1.08949766,  1.01970806,  0.95437047,\n",
       "        -0.08356382,  0.72431852],\n",
       "       [ 1.72591419, -1.22717543, -1.20971462,  0.85667918, -1.21569973,\n",
       "        -0.26085104,  0.42781636, -0.11564916,  0.11570675, -0.12602263,\n",
       "        -1.11253307, -0.94154395, -0.46698914,  2.69306697, -0.07049908,\n",
       "        -0.99588725, -1.24696687, -0.8309026 , -0.48731333, -0.7982751 ,\n",
       "        -0.34909043,  0.19548347, -0.99304857,  1.0068483 ,  0.7544425 ,\n",
       "        -0.11699466,  0.76399039],\n",
       "       [ 1.72587358, -1.223494  , -1.12606281,  1.0761736 , -1.19666734,\n",
       "        -0.28441473,  0.50558121, -0.10765103,  0.0381375 , -0.12013279,\n",
       "        -1.09899984, -0.91344198, -0.49519761,  2.69231699, -0.15076116,\n",
       "        -0.98226726, -1.21508621, -0.84114262, -0.43641672, -0.78959261,\n",
       "        -0.34537286,  0.12600358, -0.99410845,  0.99574704,  0.7144569 ,\n",
       "         0.00558507,  0.80366226]])"
      ]
     },
     "execution_count": 7,
     "metadata": {},
     "output_type": "execute_result"
    }
   ],
   "source": [
    "scaler = StandardScaler()\n",
    "data_std = scaler.fit_transform(raw_data_merged.iloc[:,1:-1]) #날짜, 철광석 제외\n",
    "print('shape = ',data_std.shape)\n",
    "data_std[0:5,:]"
   ]
  },
  {
   "cell_type": "markdown",
   "metadata": {},
   "source": [
    "### eigenvalue & eigenvector 구하기\n",
    "#### 1. numpy 이용"
   ]
  },
  {
   "cell_type": "code",
   "execution_count": 8,
   "metadata": {},
   "outputs": [
    {
     "name": "stdout",
     "output_type": "stream",
     "text": [
      "shape of cov_mat =  (27, 27)\n"
     ]
    },
    {
     "data": {
      "text/plain": [
       "array([[ 1.00059559, -0.84577694, -0.78599298, -0.41365345, -0.54229196,\n",
       "        -0.19764082, -0.56742776, -0.62848188, -0.56861843, -0.66746848,\n",
       "        -0.87552343, -0.12087931, -0.58480737,  0.77866482, -0.61035609,\n",
       "        -0.59324824, -0.72969128, -0.79061502, -0.67630453, -0.78032045,\n",
       "        -0.69803777, -0.31499915, -0.83019677,  0.84929401,  0.04781505,\n",
       "        -0.06143524,  0.02141746],\n",
       "       [-0.84577694,  1.00059559,  0.95586506,  0.23600158,  0.42994451,\n",
       "        -0.04979778,  0.28248027,  0.37505954,  0.29774806,  0.390286  ,\n",
       "         0.90576045,  0.17516204,  0.76551463, -0.63883204,  0.71245748,\n",
       "         0.83760344,  0.86533404,  0.81015154,  0.82554616,  0.86505656,\n",
       "         0.84418636,  0.41322628,  0.87191141, -0.9029279 , -0.17378828,\n",
       "        -0.01614966, -0.12587471],\n",
       "       [-0.78599298,  0.95586506,  1.00059559,  0.22950784,  0.38775656,\n",
       "        -0.11343923,  0.22881098,  0.31453713,  0.22626978,  0.32912581,\n",
       "         0.94593993,  0.0184315 ,  0.86031341, -0.57444065,  0.78198088,\n",
       "         0.86085333,  0.90801299,  0.88994416,  0.87256017,  0.94450085,\n",
       "         0.93420321,  0.59103621,  0.93701571, -0.94941619, -0.32242888,\n",
       "        -0.30468355, -0.27401322],\n",
       "       [-0.41365345,  0.23600158,  0.22950784,  1.00059559,  0.27357361,\n",
       "         0.21679526,  0.87855277,  0.72245362,  0.74897191,  0.72780249,\n",
       "         0.31046594, -0.25152335,  0.1638128 ,  0.015991  ,  0.37629512,\n",
       "         0.0621982 ,  0.10912003,  0.30774034,  0.30627536,  0.25966356,\n",
       "         0.26267653,  0.07083672,  0.28063161, -0.37702002,  0.21062359,\n",
       "        -0.04454622,  0.24697279],\n",
       "       [-0.54229196,  0.42994451,  0.38775656,  0.27357361,  1.00059559,\n",
       "         0.51853516,  0.39698579,  0.42481009,  0.44133301,  0.45600875,\n",
       "         0.48676981,  0.05470413,  0.3281949 , -0.28407661,  0.47167452,\n",
       "         0.28978363,  0.37177942,  0.3809796 ,  0.44374557,  0.40484527,\n",
       "         0.33537753,  0.20207803,  0.44427026, -0.41256811,  0.02188886,\n",
       "         0.06241612,  0.01411414],\n",
       "       [-0.19764082, -0.04979778, -0.11343923,  0.21679526,  0.51853516,\n",
       "         1.00059559,  0.37017143,  0.34870929,  0.41902063,  0.37786454,\n",
       "         0.03003388, -0.05979111, -0.12150186, -0.07625765,  0.07491482,\n",
       "        -0.17042733, -0.10106837, -0.01517375, -0.00193271, -0.0516349 ,\n",
       "        -0.11109798, -0.10946312,  0.00572522,  0.05157817,  0.28718039,\n",
       "         0.21950319,  0.25465108],\n",
       "       [-0.56742776,  0.28248027,  0.22881098,  0.87855277,  0.39698579,\n",
       "         0.37017143,  1.00059559,  0.94057766,  0.96062012,  0.95166399,\n",
       "         0.36540346, -0.26098278,  0.14094825, -0.09914347,  0.41820688,\n",
       "         0.02046757,  0.11915404,  0.31070368,  0.33684939,  0.25675914,\n",
       "         0.22138885, -0.05013085,  0.30301848, -0.41224452,  0.37552221,\n",
       "         0.1076487 ,  0.39713807],\n",
       "       [-0.62848188,  0.37505954,  0.31453713,  0.72245362,  0.42481009,\n",
       "         0.34870929,  0.94057766,  1.00059559,  0.95738527,  0.98444701,\n",
       "         0.45003701, -0.26353516,  0.23010689, -0.14151523,  0.50260517,\n",
       "         0.12104832,  0.21057965,  0.37699199,  0.42383453,  0.3364363 ,\n",
       "         0.30050632, -0.01841148,  0.38002518, -0.48711702,  0.3861306 ,\n",
       "         0.11377417,  0.40810047],\n",
       "       [-0.56861843,  0.29774806,  0.22626978,  0.74897191,  0.44133301,\n",
       "         0.41902063,  0.96062012,  0.95738527,  1.00059559,  0.96420329,\n",
       "         0.35844908, -0.27960801,  0.1408958 , -0.09356252,  0.45118123,\n",
       "         0.03439611,  0.1187047 ,  0.27169004,  0.36686019,  0.23375045,\n",
       "         0.19213817, -0.11413546,  0.28343396, -0.39467588,  0.45417732,\n",
       "         0.16548758,  0.47451559],\n",
       "       [-0.66746848,  0.390286  ,  0.32912581,  0.72780249,  0.45600875,\n",
       "         0.37786454,  0.95166399,  0.98444701,  0.96420329,  1.00059559,\n",
       "         0.47566518, -0.23472502,  0.24216075, -0.20837325,  0.49718488,\n",
       "         0.11765504,  0.23127645,  0.40112701,  0.42737216,  0.35745036,\n",
       "         0.30993608, -0.00212114,  0.40905213, -0.50261854,  0.35851619,\n",
       "         0.11555815,  0.37496954],\n",
       "       [-0.87552343,  0.90576045,  0.94593993,  0.31046594,  0.48676981,\n",
       "         0.03003388,  0.36540346,  0.45003701,  0.35844908,  0.47566518,\n",
       "         1.00059559, -0.01633458,  0.87712618, -0.62929065,  0.81998311,\n",
       "         0.81999482,  0.93308248,  0.93064591,  0.87578047,  0.97495741,\n",
       "         0.93337455,  0.59833867,  0.98972259, -0.96285026, -0.27129204,\n",
       "        -0.28659746, -0.23825667],\n",
       "       [-0.12087931,  0.17516204,  0.0184315 , -0.25152335,  0.05470413,\n",
       "        -0.05979111, -0.26098278, -0.26353516, -0.27960801, -0.23472502,\n",
       "        -0.01633458,  1.00059559, -0.19109456, -0.3941232 , -0.3333417 ,\n",
       "        -0.02768598,  0.02887976,  0.06152851, -0.24891965,  0.00948889,\n",
       "         0.00116996,  0.07873983, -0.00163321,  0.01112205, -0.44442874,\n",
       "         0.50519202, -0.43987619],\n",
       "       [-0.58480737,  0.76551463,  0.86031341,  0.1638128 ,  0.3281949 ,\n",
       "        -0.12150186,  0.14094825,  0.23010689,  0.1408958 ,  0.24216075,\n",
       "         0.87712618, -0.19109456,  1.00059559, -0.34452304,  0.86834763,\n",
       "         0.86212751,  0.91876218,  0.77831326,  0.90420185,  0.88932225,\n",
       "         0.88172764,  0.58342372,  0.88601422, -0.83414065, -0.26444016,\n",
       "        -0.44256215, -0.23464938],\n",
       "       [ 0.77866482, -0.63883204, -0.57444065,  0.015991  , -0.28407661,\n",
       "        -0.07625765, -0.09914347, -0.14151523, -0.09356252, -0.20837325,\n",
       "        -0.62929065, -0.3941232 , -0.34452304,  1.00059559, -0.14499983,\n",
       "        -0.4430313 , -0.59305609, -0.6135015 , -0.30342817, -0.57526759,\n",
       "        -0.47530961, -0.28146932, -0.62200422,  0.56286854,  0.23775852,\n",
       "        -0.14188571,  0.22740938],\n",
       "       [-0.61035609,  0.71245748,  0.78198088,  0.37629512,  0.47167452,\n",
       "         0.07491482,  0.41820688,  0.50260517,  0.45118123,  0.49718488,\n",
       "         0.81998311, -0.3333417 ,  0.86834763, -0.14499983,  1.00059559,\n",
       "         0.7432121 ,  0.76314297,  0.67852308,  0.95696717,  0.78752896,\n",
       "         0.77675619,  0.43237133,  0.79039004, -0.801355  , -0.04617476,\n",
       "        -0.36770823, -0.01027153],\n",
       "       [-0.59324824,  0.83760344,  0.86085333,  0.0621982 ,  0.28978363,\n",
       "        -0.17042733,  0.02046757,  0.12104832,  0.03439611,  0.11765504,\n",
       "         0.81999482, -0.02768598,  0.86212751, -0.4430313 ,  0.7432121 ,\n",
       "         1.00059559,  0.92298154,  0.67833424,  0.84399644,  0.8147888 ,\n",
       "         0.80341688,  0.44002974,  0.79952303, -0.74644902, -0.17648406,\n",
       "        -0.21022166, -0.13377217],\n",
       "       [-0.72969128,  0.86533404,  0.90801299,  0.10912003,  0.37177942,\n",
       "        -0.10106837,  0.11915404,  0.21057965,  0.1187047 ,  0.23127645,\n",
       "         0.93308248,  0.02887976,  0.91876218, -0.59305609,  0.76314297,\n",
       "         0.92298154,  1.00059559,  0.81898912,  0.84979069,  0.92236843,\n",
       "         0.88236973,  0.54491736,  0.92514876, -0.86570948, -0.30493687,\n",
       "        -0.27520673, -0.27255358],\n",
       "       [-0.79061502,  0.81015154,  0.88994416,  0.30774034,  0.3809796 ,\n",
       "        -0.01517375,  0.31070368,  0.37699199,  0.27169004,  0.40112701,\n",
       "         0.93064591,  0.06152851,  0.77831326, -0.6135015 ,  0.67852308,\n",
       "         0.67833424,  0.81898912,  1.00059559,  0.71200884,  0.9708918 ,\n",
       "         0.95950941,  0.78852511,  0.96227055, -0.92823993, -0.47559826,\n",
       "        -0.41162523, -0.43717301],\n",
       "       [-0.67630453,  0.82554616,  0.87256017,  0.30627536,  0.44374557,\n",
       "        -0.00193271,  0.33684939,  0.42383453,  0.36686019,  0.42737216,\n",
       "         0.87578047, -0.24891965,  0.90420185, -0.30342817,  0.95696717,\n",
       "         0.84399644,  0.84979069,  0.71200884,  1.00059559,  0.83456342,\n",
       "         0.82079722,  0.40536869,  0.84028047, -0.85441783, -0.05720242,\n",
       "        -0.29904776, -0.01509054],\n",
       "       [-0.78032045,  0.86505656,  0.94450085,  0.25966356,  0.40484527,\n",
       "        -0.0516349 ,  0.25675914,  0.3364363 ,  0.23375045,  0.35745036,\n",
       "         0.97495741,  0.00948889,  0.88932225, -0.57526759,  0.78752896,\n",
       "         0.8147888 ,  0.92236843,  0.9708918 ,  0.83456342,  1.00059559,\n",
       "         0.98474661,  0.74314534,  0.99228574, -0.95033358, -0.42889444,\n",
       "        -0.41584841, -0.39032571],\n",
       "       [-0.69803777,  0.84418636,  0.93420321,  0.26267653,  0.33537753,\n",
       "        -0.11109798,  0.22138885,  0.30050632,  0.19213817,  0.30993608,\n",
       "         0.93337455,  0.00116996,  0.88172764, -0.47530961,  0.77675619,\n",
       "         0.80341688,  0.88236973,  0.95950941,  0.82079722,  0.98474661,\n",
       "         1.00059559,  0.77201524,  0.96007708, -0.93248626, -0.45658028,\n",
       "        -0.45258588, -0.40979007],\n",
       "       [-0.31499915,  0.41322628,  0.59103621,  0.07083672,  0.20207803,\n",
       "        -0.10946312, -0.05013085, -0.01841148, -0.11413546, -0.00212114,\n",
       "         0.59833867,  0.07873983,  0.58342372, -0.28146932,  0.43237133,\n",
       "         0.44002974,  0.54491736,  0.78852511,  0.40536869,  0.74314534,\n",
       "         0.77201524,  1.00059559,  0.68759888, -0.58222748, -0.77723986,\n",
       "        -0.68727491, -0.75542596],\n",
       "       [-0.83019677,  0.87191141,  0.93701571,  0.28063161,  0.44427026,\n",
       "         0.00572522,  0.30301848,  0.38002518,  0.28343396,  0.40905213,\n",
       "         0.98972259, -0.00163321,  0.88601422, -0.62200422,  0.79039004,\n",
       "         0.79952303,  0.92514876,  0.96227055,  0.84028047,  0.99228574,\n",
       "         0.96007708,  0.68759888,  1.00059559, -0.95364602, -0.36844712,\n",
       "        -0.36581169, -0.33667334],\n",
       "       [ 0.84929401, -0.9029279 , -0.94941619, -0.37702002, -0.41256811,\n",
       "         0.05157817, -0.41224452, -0.48711702, -0.39467588, -0.50261854,\n",
       "        -0.96285026,  0.01112205, -0.83414065,  0.56286854, -0.801355  ,\n",
       "        -0.74644902, -0.86570948, -0.92823993, -0.85441783, -0.95033358,\n",
       "        -0.93248626, -0.58222748, -0.95364602,  1.00059559,  0.30605869,\n",
       "         0.31407909,  0.25736023],\n",
       "       [ 0.04781505, -0.17378828, -0.32242888,  0.21062359,  0.02188886,\n",
       "         0.28718039,  0.37552221,  0.3861306 ,  0.45417732,  0.35851619,\n",
       "        -0.27129204, -0.44442874, -0.26444016,  0.23775852, -0.04617476,\n",
       "        -0.17648406, -0.30493687, -0.47559826, -0.05720242, -0.42889444,\n",
       "        -0.45658028, -0.77723986, -0.36844712,  0.30605869,  1.00059559,\n",
       "         0.54601212,  0.98895487],\n",
       "       [-0.06143524, -0.01614966, -0.30468355, -0.04454622,  0.06241612,\n",
       "         0.21950319,  0.1076487 ,  0.11377417,  0.16548758,  0.11555815,\n",
       "        -0.28659746,  0.50519202, -0.44256215, -0.14188571, -0.36770823,\n",
       "        -0.21022166, -0.27520673, -0.41162523, -0.29904776, -0.41584841,\n",
       "        -0.45258588, -0.68727491, -0.36581169,  0.31407909,  0.54601212,\n",
       "         1.00059559,  0.53940465],\n",
       "       [ 0.02141746, -0.12587471, -0.27401322,  0.24697279,  0.01411414,\n",
       "         0.25465108,  0.39713807,  0.40810047,  0.47451559,  0.37496954,\n",
       "        -0.23825667, -0.43987619, -0.23464938,  0.22740938, -0.01027153,\n",
       "        -0.13377217, -0.27255358, -0.43717301, -0.01509054, -0.39032571,\n",
       "        -0.40979007, -0.75542596, -0.33667334,  0.25736023,  0.98895487,\n",
       "         0.53940465,  1.00059559]])"
      ]
     },
     "execution_count": 8,
     "metadata": {},
     "output_type": "execute_result"
    }
   ],
   "source": [
    "cov_mat = np.cov(data_std.T)\n",
    "print('shape of cov_mat = ',cov_mat.shape)\n",
    "cov_mat"
   ]
  },
  {
   "cell_type": "code",
   "execution_count": 9,
   "metadata": {},
   "outputs": [
    {
     "data": {
      "text/plain": [
       "array([1.40316500e+01, 5.70238098e+00, 2.26047323e+00, 1.89445736e+00,\n",
       "       1.11417737e+00, 6.34160039e-01, 3.45885045e-01, 3.12189486e-01,\n",
       "       2.03112480e-01, 1.73895108e-01, 1.00923406e-01, 7.00973713e-02,\n",
       "       4.51644370e-02, 3.30719723e-02, 2.39920968e-02, 1.67101287e-02,\n",
       "       1.58206347e-02, 9.96654280e-03, 8.21479106e-03, 5.58473876e-03,\n",
       "       5.16233811e-03, 3.25484731e-03, 1.77311278e-04, 6.90822447e-04,\n",
       "       1.99535869e-03, 1.51745607e-03, 1.35560228e-03])"
      ]
     },
     "execution_count": 9,
     "metadata": {},
     "output_type": "execute_result"
    }
   ],
   "source": [
    "eigen_vals, eigen_vecs = np.linalg.eig(cov_mat)\n",
    "eigen_vals"
   ]
  },
  {
   "cell_type": "code",
   "execution_count": 10,
   "metadata": {
    "scrolled": true
   },
   "outputs": [
    {
     "data": {
